Accuracy: 0.769159718408308
Precision: 0.39277289046220504
Recall: 0.31053765481460444
F1: 0.3059103197811055

Confusion matrix:
[[    0     0    18    18     0     0     1     0]
 [    0     0     0     2     0     0     0     0]
 [    0     0  9883  6705     0     1    29     0]
 [    0     0  1625 13155     0     0     7     0]
 [    0     0     0     2     0     0     1     0]
 [    0     0   218   542     0     4     5     0]
 [    0     0    34     6     0     1  7769     0]
 [    0     0    20    10     0     0     2     0]]

